38969
214571
424635
286252
444741
232431
447337
361503
331696
346866
189517
105375
415271
291775
51307
417559
163370
407944
279968
221937
13667
334716
237215
25432
355327
77802
66540
296420
238593
160671
479146
198901
112445
142536
201477
445173
267041
309631
248020
207383
41683
233551
39353
959
169363
410534
318387
140962
451694
13067
250157
354696
456926
433895
443562
249833
113723
25671
195324
441102
216349
476518
72358
57788
190018
432468
279976
469361
80654
110059
404275
66861
180091
367333
14256
378658
266650
395292
68134
342166
208296
310313
255967
315628
308480
394910
108073
117285
41074
278245
416972
359474
12699
211521
227697
30294
308330
223148
187956
431122
176297
244938
241211
447799
64521
474967
261628
52231
410405
295614
331387
442460
439983
68519
462473
137672
433439
318911
183332
150774
61769
169968
271663
96646
8087
522
270213
127303
353949
58717
379526
271573
91703
429143
381850
177243
446431
33373
251918
407833
458706
375289
128773
321232
433779
228164
138185
323774
182270
464076
96116
116434
252454
194730
96184
445146
409986
211872
92510
324659
74893
402175
217968
136543
219690
46665
271128
454027
473764
407493
82178
164650
195690
255836
459691
213979
421671
456119
72576
74358
474506
378056
6648
171424
344310
180280
354305
346436
72537
94570
447665
158412
211042
323260
359041
133286
107636
31434
313701
48756
350187
32457
73029
405069
144101
257840
80044
212119
213701
147679
395025
253235
354027
348566
393214
27724
329370
346400
76615
400149
336465
366823
180677
22485
397708
320384
428073
345609
290119
262964
210734
395302
260890
428838
251010
160193
60795
383549
436521
358863
316420
415095
139877
458629
139937
453817
277192
151778
26824
262540
174176
132162
368395
29242
154669
12428
174775
257193
258945
469626
283832
450366
383920
182806
466195
101529
316073
24419
150739
88018
108551
460230
266963
409053
412196
259059
9539
228492
338935
363275
40574
387765
44078
77771
362723
373134
163958
384815
388180
114716
117001
305962
274741
277937
407594
170819
298884
314080
381622
456234
452884
313671
358707
209021
239916
346795
192511
438969
351575
284438
443420
440808
342255
235849
300577
372175
243588
217238
322718
182387
401361
15024
445342
104194
383102
336421
464588
269565
217113
170698
416925
236375
208684
256756
133764
54264
462378
445989
40094
159390
75930
190211
143870
204108
436338
200008
179908
391399
386003
152065
13635
456844
424399
349050
96727
174126
384089
147256
368359
468913
202187
101000
102143
383537
325940
34635
16183
446507
59945
249334
210155
279213
90084
377206
398044
256316
303835
367688
320856
290813
272425
424045
189492
54440
102853
448133
270036
219303
309232
403737
75256
226015
376767
353561
86909
396810
104131
87592
14413
385397
351867
369887
417786
38733
442658
245800
5643
60304
342912
257894
443335
46677
435949
226051
3187
36782
125027
288197
296808
123884
347544
295123
163185
274127
281709
168513
445901
140032
382189
144580
249870
57774
199302
453484
193732
201875
80829
160172
268598
265726
464361
192752
202028
32828
30231
40625
191805
393096
339639
283515
100650
396541
423232
82293
137546
252811
303969
40325
478001
384732
56668
7087
29902
9533
360515
279496
93149
67672
388238
3144
452066
283910
86995
211624
347704
224355
423558
249888
363317
102985
110665
261305
293395
257662
90516
29717
305677
243109
75599
228912
195173
85613
366435
161864
52493
215714
200734
413101
196141
381491
72591
102484
388591
139856
332636
165535
272192
49238
167095
248832
308928
173907
407570
263516
99721
456190
361351
8030
367604
463095
187935
420493
464639
127043
315609
190848
170371
271175
157304
161449
441330
16470
175731
270377
221302
420521
455760
71869
194506
263649
288783
92595
328043
166593
252543
436907
312219
425174
436443
11046
32788
123763
381943
107546
427493
219590
255429
91623
3220
59854
315183
230518
74501
395277
349604
316691
91399
261360
372946
243801
191802
95485
314085
451798
439942
353226
433403
182479
129885
467656
378545
430356
12990
413241
450694
205069
416813
110928
474892
363614
400818
400507
261337
111823
302943
318876
213300
11025
165987
175782
326627
302790
415729
61223
195840
69292
108767
167606
331485
369436
407766
338727
40538
266241
85286
248293
259488
245063
372043
77531
413175
68604
100680
453702
175463
162170
473206
207078
219755
170482
58135
129181
126170
76104
282171
72235
317945
155348
380056
195419
81947
281474
163802
252801
20928
225770
101525
162230
370574
31001
318812
150653
76892
472114
408180
458000
434517
157110
25183
266485
327888
129597
378559
360760
248256
65833
470940
151590
72044
14915
423094
269812
32104
269933
213984
323899
352500
339046
25924
269369
177769
405940
186627
91956
320848
302500
164557
245667
336931
42643
150716
473627
152384
393443
248557
402
126847
144447
57534
221894
248732
152966
263764
282263
176229
401663
53866
232044
252178
37768
325865
12698
440014
442331
324914
22320
415344
335661
368658
104074
229566
67388
394496
438959
307068
253962
193992
446621
400061
107791
374665
303371
340124
347820
190924
306891
4512
292221
268647
74891
475404
187716
106588
274620
424905
379627
384034
207512
311691
214418
239797
23813
351359
22890
382303
211584
242992
148332
110286
58933
248343
329297
152862
381844
170572
5585
175460
91655
120656
310052
94434
91008
128794
176679
77103
37447
30524
150337
359709
113762
131500
12082
202403
192907
6506
436144
124047
85105
339184
99808
209073
418937
205268
352397
230171
43944
377585
298711
461272
362112
251559
338902
420143
89423
64969
79403
45395
439889
400381
172134
290367
462687
447479
400440
457550
278213
178700
45412
360610
316264
10727
46394
230449
193093
170991
455499
104828
446683
419834
470048
150307
302831
311880
343139
86674
397478
466978
275745
283700
423104
232173
198132
320744
300195
113929
221072
165466
38462
131667
409165
83789
219748
80537
84632
460600
81434
409585
368522
411474
411730
398796
160201
378101
32750
350286
291341
162593
49001
126709
221566
110236
196243
352842
151682
22822
392697
466138
162765
354185
63700
387378
298706
124014
128754
180704
474903
163985
346206
240264
129856
158581
183734
437109
433523
205234
372647
212421
475546
264342
470911
467375
271579
344570
200353
214643
265305
240367
2657
407871
38793
327426
401393
316920
431166
404971
12602
175176
253082
85940
242229
111204
90273
221617
141399
407532
421364
293237
372418
30341
104374
248296
312864
204700
314023
289433
348248
81816
80117
34166
246114
340114
34337
407563
429763
405726
178804
10848
217566
347444
176645
336458
401530
324155
402187
216517
384390
24566
141346
205417
36274
211838
257132
107037
389279
475639
343077
134808
372410
35000
467294
244073
298274
445371
169664
147388
335878
79630
229559
126980
345102
225013
390483
179543
410724
366269
343114
230021
264648
157139
214987
21019
109436
462038
108050
430060
174792
4173
72790
345696
275282